1
11411111111111111111
12221222219221012221
12221222212221212221
12111222212221212221
12222222012221222221
12111111117771222221
12222222212222222221
12222222212111112221
12222112212212212221
12222112212212212221
11117112511222212221
12277112522222212221
12211112522226212221
18911112777722212221
11111111111111111a11
123
0
1413
9999
9999
2
1
000000
enemy_two
100
173
315
3
0
0
enemy_six
100
65
578
2
0
0
enemy_six
100
815
495
2
0
0
enemy_four
100
559
65
3
0
0
enemy_five
100
665
444
2
0
0
enemy_three
100
265
217
2
0
0
fire
